% Ball parameters

GP = [    0     -39.8594   0  ;...
       15.4972   39.8594   0  ;...
      -15.4874   39.8594   0  ];
  
DELTA = [ -15.4972  -79.7188    1.6624  ;...
           30.9845   -1.3249   -0.0641  ;...
          -15.4874   81.0436   -1.5984  ];